65 185
67 210
73 235
78 259
86 283
99 304
118 322
138 336
163 340
187 335
207 319
224 301
237 279
243 254
246 230
250 204
250 180
76 173
87 159
105 154
123 156
141 162
174 161
191 155
209 151
227 155
238 168
159 180
159 197
160 213
161 231
142 243
151 246
161 249
170 246
179 243
99 185
110 176
123 176
134 186
122 189
109 189
184 184
194 174
207 173
218 181
209 186
196 186
127 278
139 272
151 267
161 271
170 267
182 271
195 277
183 286
171 291
161 292
151 291
139 286
133 279
151 277
161 278
171 277
190 278
171 277
161 279
151 277
